4294967294,477
4294967279,457
4294967278,395
4294967293,131
4294967293,130
4294967293,129
4294967293,128
4294967293,127
4294967293,126
4294967293,125
4294967293,124
4294967293,123
4294967293,122
4294967293,121
4294967293,120
4294967293,119
4294967293,118
4294967293,117
4294967293,116
4294967293,115
4294967293,114
4294967293,113
4294967293,112
4294967293,111
4294967293,110
4294967293,109
4294967293,108
4294967293,107
4294967293,106
4294967293,105
4294967293,104
4294967293,103
4294967293,102
4294967293,101
4294967293,100
4294967293,99
4294967293,98
4294967293,97
4294967293,96
4294967293,95
4294967293,94
4294967293,93
4294967293,92
4294967293,91
4294967293,90
4294967293,89
4294967293,88
4294967293,87
4294967293,86
4294967293,85
4294967293,84
4294967293,83
4294967293,82
4294967293,81
4294967293,80
4294967293,79
4294967293,78
4294967293,77
4294967293,76
4294967293,75
4294967293,74
4294967293,73
4294967293,72
4294967293,71
4294967293,70
4294967293,69
4294967293,68
4294967293,67
4294967293,66
4294967293,65
4294967293,64
4294967293,63
4294967293,62
4294967293,61
4294967293,60
4294967293,59
4294967293,58
4294967293,57
4294967293,56
4294967293,55
4294967293,54
4294967293,53
4294967293,52
4294967293,51
4294967293,50
4294967293,49
4294967293,48
4294967293,47
4294967293,46
4294967293,45
4294967293,44
4294967293,43
4294967293,42
4294967293,41
4294967293,40
4294967293,39
4294967293,38
4294967293,37
4294967293,36
4294967293,35
4294967293,34
4294967293,33
4294967293,32
4294967293,31
4294967293,30
4294967293,29
4294967293,28
4294967293,27
4294967293,26
4294967293,25
4294967293,24
4294967293,23
4294967293,22
4294967293,21
4294967293,20
4294967293,19
4294967293,18
4294967293,17
4294967293,16
4294967293,15
4294967293,14
4294967293,13
4294967293,12
4294967293,11
4294967293,10
4294967293,9
4294967293,8
4294967293,7
4294967293,6
4294967293,5
4294967293,4
4294967293,3
4294967293,2
4243767290,0
4243767289,0
4243767288,0
4243767287,0
4243767286,0
4243767285,0
4243767284,0
4243767283,0
4243767282,0
4243767281,0
4294967293,0
4294967279,202
4294967279,204
4294967279,203
4294967279,476
4294967279,89
4294967279,205
4294967279,90
4294967279,91
4294967279,417
4294967279,92
4294967279,301
4294967279,477
4294967279,206
4294967279,208
4294967279,207
4294967279,93
4294967279,209
4294967279,94
4294967279,419
4294967279,95
4294967279,96
4294967279,318
4294967279,317
4294967279,210
4294967279,211
4294967279,97
4294967279,212
4294967279,213
4294967279,98
4294967279,99
4294967279,310
4294967279,100
4294967279,319
4294967279,214
4294967279,277
4294967279,218
4294967279,215
4294967279,217
4294967279,478
4294967279,101
4294967279,102
4294967279,220
4294967279,103
4294967279,104
4294967279,222
4294967279,448
4294967279,219
4294967279,460
4294967279,221
4294967279,225
4294967279,223
4294967279,105
4294967279,106
4294967279,108
4294967279,232
4294967279,107
4294967279,228
4294967279,234
4294967279,229
4294967279,109
4294967279,231
4294967279,233
4294967279,110
4294967279,236
4294967279,111
4294967279,133
4294967279,112
4294967279,235
4294967279,239
4294967279,237
4294967279,241
4294967279,113
4294967279,238
4294967279,114
4294967279,240
4294967279,243
4294967279,115
4294967279,116
4294967279,480
4294967279,247
4294967279,242
4294967279,249
4294967279,244
4294967279,117
4294967279,246
4294967279,248
4294967279,118
4294967279,251
4294967279,253
4294967279,119
4294967279,120
4294967279,250
4294967279,136
4294967279,252
4294967279,420
4294967279,254
4294967279,121
4294967279,255
4294967279,122
4294967279,123
4294967279,384
4294967279,124
4294967279,412
4294967279,386
4294967279,256
4294967279,481
4294967279,385
4294967279,257
4294967279,387
4294967279,125
4294967279,126
4294967279,421
4294967279,127
4294967279,128
4294967279,389
4294967279,226
4294967279,388
4294967279,258
4294967279,422
4294967279,129
4294967279,130
4294967279,391
4294967279,390
4294967278,257
4294967279,131
4294967278,326
4294967279,132
4294967278,416
4294967278,4
4294967278,258
4294967278,387
4294967278,280
4294967278,5
4294967278,259
4294967278,402
4294967278,261
4294967278,262
4294967278,6
4294967278,389
4294967278,263
4294967278,7
4294967278,8
4294967278,388
4294967278,399
4294967278,264
4294967278,9
4294967278,265
4294967278,10
4294967278,266
4294967278,283
4294967278,11
4294967278,405
4294967278,12
4294967278,400
4294967278,391
4294967278,413
4294967278,268
4294967278,269
4294967278,13
4294967278,270
4294967278,14
4294967278,15
4294967278,16
4294967278,406
4294967278,414
4294967278,392
4294967278,412
4294967278,271
4294967278,272
4294967278,273
4294967278,17
4294967278,274
4294967278,18
4294967278,386
4294967278,19
4294967278,20
4294967278,394
4294967278,133
4294967278,398
4294967278,401
4294967278,134
4294967278,21
4294967278,135
4294967278,136
4294967278,22
4294967278,278
4294967278,23
4294967278,404
4294967278,24
4294967278,415
4294967278,138
4294967278,396
4294967278,403
4294967278,25
4294967278,26
4294967278,139
4294967278,141
4294967278,140
4294967278,291
4294967278,27
4294967278,28
4294967278,29
4294967278,142
4294967278,292
4294967278,293
4294967278,143
4294967278,30
4294967278,393
4294967278,144
4294967278,145
4294967278,340
4294967278,31
4294967278,32
4294967278,146
4294967278,33
4294967278,147
4294967278,295
4294967278,342
4294967278,34
4294967278,35
4294967278,148
4294967278,296
4294967278,149
4294967278,343
4294967278,36
4294967278,37
4294967278,150
4294967278,151
4294967278,354
4294967278,38
4294967278,298
4294967278,39
4294967278,152
4294967278,153
4294967278,299
4294967278,372
4294967278,40
4294967278,41
4294967278,154
4294967278,155
4294967278,373
4294967278,357
4294967278,42
4294967278,156
4294967278,43
4294967278,157
4294967278,267
4294967278,358
4294967278,44
4294967278,45
4294967278,158
4294967278,334
4294967278,159
4294967278,335
4294967278,46
4294967278,47
4294967278,160
4294967278,161
4294967278,359
4294967278,336
4294967278,48
4294967278,49
4294967278,162
4294967278,163
4294967278,374
4294967278,344
4294967278,50
4294967278,51
4294967278,164
4294967278,345
4294967278,165
4294967278,375
4294967278,52
4294967278,166
4294967278,384
4294967278,53
4294967278,167
4294967278,300
4294967278,54
4294967278,55
4294967278,168
4294967278,390
4294967278,169
4294967278,337
4294967278,56
4294967278,170
4294967278,57
4294967278,171
4294967278,338
4294967278,58
4294967278,339
4294967278,59
4294967278,172
4294967278,173
4294967278,346
4294967278,301
4294967278,60
4294967278,175
4294967278,61
4294967278,176
4294967278,407
4294967278,62
4294967278,348
4294967278,63
4294967279,475
4294967279,474
4294967279,314
4294967279,86
4294967279,201
4294967279,84
4294967279,200
4294967279,198
4294967279,434
4294967279,312
4294967279,311
4294967279,82
4294967279,80
4294967279,196
4294967279,432
4294967279,194
4294967279,431
4294967279,79
4294967279,78
4294967279,193
4294967279,76
4294967279,430
4294967279,192
4294967279,473
4294967279,75
4294967279,447
4294967279,73
4294967279,189
4294967279,188
4294967279,187
4294967279,186
4294967279,414
4294967279,71
4294967279,70
4294967279,69
4294967279,68
4294967279,183
4294967279,472
4294967279,308
4294967279,67
4294967279,445
4294967279,66
4294967279,65
4294967279,180
4294967279,444
4294967279,178
4294967279,63
4294967279,443
4294967279,177
4294967279,62
4294967279,60
4294967279,175
4294967279,176
4294967279,402
4294967279,401
4294967279,58
4294967279,57
4294967279,172
4294967279,171
4294967279,169
4294967279,306
4294967279,280
4294967279,438
4294967279,54
4294967279,168
4294967279,167
4294967279,166
4294967279,51
4294967279,409
4294967279,164
4294967279,467
4294967279,49
4294967279,399
4294967279,163
4294967279,162
4294967279,47
4294967279,408
4294967279,470
4294967279,396
4294967279,45
4294967279,44
4294967279,43
4294967279,159
4294967279,158
4294967279,304
4294967279,42
4294967279,303
4294967279,154
4294967279,153
4294967279,152
4294967279,454
4294967279,151
4294967279,406
4294967279,37
4294967279,36
4294967279,150
4294967279,148
4294967279,35
4294967279,147
4294967279,404
4294967279,34
4294967279,426
4294967279,146
4294967279,145
4294967279,31
4294967279,144
4294967279,435
4294967279,30
4294967279,29
4294967279,464
4294967279,142
4294967279,141
4294967279,296
4294967279,439
4294967279,26
4294967279,425
4294967279,394
4294967279,462
4294967279,137
4294967279,449
4294967279,276
4294967279,295
4294967279,135
4294967279,461
4294967279,21
4294967279,20
4294967279,453
4294967279,293
4294967279,273
4294967279,18
4294967279,469
4294967279,272
4294967279,270
4294967279,484
4294967279,483
4294967279,15
4294967279,482
4294967279,423
4294967279,13
4294967279,267
4294967279,12
4294967279,455
4294967279,465
4294967279,10
4294967279,452
4294967279,265
4294967279,468
4294967294,36
4294967294,38
4294967294,39
4294967294,41
4294967294,42
4294967294,120
4294967294,424
4294967294,44
4294967294,389
4294967294,428
4294967294,392
4294967294,437
4294967294,48
4294967294,51
4294967294,387
4294967294,388
4294967294,52
4294967294,73
4294967294,75
4294967294,76
4294967294,78
4294967294,79
4294967294,82
4294967294,1159
4294967294,163
4294967294,1163
4294967294,1075
4294967294,1248
4294967294,84
4294967294,86
4294967294,88
4294967294,90
4294967294,92
4294967294,97
4294967294,99
4294967294,101
4294967294,102
4294967294,104
4294967294,105
4294967294,107
4294967294,161
4294967294,108
4294967294,109
4294967294,162
4294967294,111
4294967294,115
4294967294,113
4294967294,117
4294967294,118
4294967294,460
4294967294,449
4294967294,462
4294967294,412
4294967294,1542
4294967294,1156
4294967294,1057
4294967294,1068
4294967294,1152
4294967294,185
4294967294,5
4294967294,18
4294967294,19
4294967294,20
4294967278,0
4294967278,347
4294967294,14
4294967294,420
4294967294,454
4294967294,433
4294967294,598
4294967294,599
4294967294,1160
4294967294,467
4294967294,1161
4294967294,190
4294967294,398
4294967294,164
4294967294,169
4294967294,470
4294967294,170
4294967294,171
4294967294,173
4294967294,175
4294967294,1162
4294967294,1165
4294967294,177
4294967294,181
4294967294,188
4294967294,58
4294967294,8
16,4
16,5
48,4
82,4
82,1
84,1
84,6
84,10
86,5
87,6
87,1
87,29
87,30
87,32
87,33
87,35
87,37
87,38
87,65
87,66
4294967294,1166
4294967279,0
87,68
87,70
87,71
87,73
87,158
87,159
4294967294,81
87,161
87,162
87,164
87,166
87,167
87,169
87,170
87,172
87,174
87,175
87,177
87,178
87,285
87,286
4294967294,1553
87,289
87,290
87,292
87,293
87,295
87,297
87,298
87,300
87,302
87,303
87,494
87,516
87,517
87,519
87,520
87,522
87,524
87,525
87,527
87,528
